Value(ms)      Percentile  TotalCount  1/(1-Percentile)
16.963627      0.000000    0           1.000000
412.363774     0.100000    50          1.111111
764.381557     0.200000    100         1.250000
1136.224569    0.300000    150         1.428571
1649.868792    0.400000    200         1.666667
2517.038633    0.500000    250         2.000000
3212.025524    0.550000    275         2.222222
4219.304026    0.600000    300         2.500000
5876.049430    0.650000    325         2.857143
8147.429402    0.700000    350         3.333333
10065.908909   0.750000    375         4.000000
10989.912206   0.775000    388         4.444444
11785.118405   0.800000    400         5.000000
12483.047644   0.825000    413         5.714286
13108.652407   0.850000    425         6.666667
13637.137411   0.875000    438         8.000000
13860.632386   0.887500    444         8.888889
14144.083895   0.900000    450         10.000000
14507.450818   0.912500    456         11.428571
14953.682200   0.925000    463         13.333333
15477.751980   0.937500    469         16.000000
15859.555871   0.943750    472         17.777778
16385.906052   0.950000    475         20.000000
16916.672692   0.956250    478         22.857143
17549.373770   0.962500    481         26.666667
18482.869696   0.968750    484         32.000000
19183.142912   0.971875    486         35.555556
20055.487158   0.975000    488         40.000000
21851.523555   0.978125    489         45.714286
26844.818344   0.981250    491         53.333333
34402.050535   0.984375    492         64.000000
38926.547974   0.985938    493         71.113640
40959.797032   0.987500    494         80.000000
43657.361100   0.989062    495         91.424392
47138.219263   0.990625    495         106.666667
50738.225404   0.992188    496         128.008193
51996.234454   0.992969    496         142.227279
53230.686496   0.993750    497         160.000000
53728.718890   0.994531    497         182.848784
54052.480997   0.995313    498         213.356091
54412.980785   0.996094    498         256.016385
54652.408722   0.996484    498         284.414107
55353.836507   0.996875    498         320.000000
56055.264293   0.997266    499         365.764448
56754.898146   0.997656    499         426.621160
57933.438056   0.998047    499         512.032770
58524.207054   0.998242    499         568.828214
59114.976052   0.998437    499         639.795266
59708.774634   0.998633    499         731.528895
60052.991853   0.998828    499         853.242321
60061.706430   0.999023    500         1023.541453
60066.086064   0.999121    500         1137.656428
60070.465698   0.999219    500         1280.409731
60074.800641   0.999316    500         1461.988304
60228.687462   0.999414    500         1706.484642
60442.334264   0.999512    500         2049.180328
60549.157665   0.999561    500         2277.904328
60653.800996   0.999609    500         2557.544757
60760.624396   0.999658    500         2923.976608
63499.903561   0.999707    500         3412.969283
68335.741648   0.999756    500         4098.360656
70704.315405   0.999780    500         4545.454545
73171.579736   0.999805    500         5128.205128
75540.153493   0.999829    500         5847.953216
78007.417823   0.999854    500         6849.315068
80375.991580   0.999878    500         8196.721311
81560.278458   0.999890    500         9090.909091
82744.565337   0.999902    500         10204.081633
84027.542788   0.999915    500         11764.705882
129500.432556  0.999927    500         13698.630137
129500.432556  0.999939    500         16393.442623
129500.432556  0.999945    500         18181.818182
129500.432556  0.999951    500         20408.163265
129500.432556  0.999957    500         23255.813953
129500.432556  0.999963    500         27027.027027
129500.432556  0.999969    500         32258.064516
129500.432556  0.999973    500         37037.037037
129500.432556  0.999976    500         41666.666667
129500.432556  0.999979    500         47619.047619
129500.432556  0.999982    500         55555.555556
129500.432556  0.999985    500         66666.666667
129500.432556  0.999986    500         71428.571429
129500.432556  0.999988    500         83333.333333
129500.432556  0.999989    500         90909.090909
129500.432556  0.999991    500         111111.111111
129500.432556  0.999992    500         125000.000000
129500.432556  0.999993    500         142857.142858
129500.432556  0.999994    500         166666.666668
129500.432556  0.999995    500         199999.999999
129500.432556  0.999996    500         250000.000000
129500.432556  0.999997    500         333333.333336
129500.432556  0.999998    500         500000.000013
129500.432556  0.999999    500         999999.999971
129500.432556  1.000000    500         10000000.000000
